0
281
1 0
6 123
12 192
17 193
24 194
28 265
33 397
39 446
44 447
48 508
59 568
64 639
69 695
75 696
78 697
87 824
89 888
94 990
98 991
102 1087
108 1265
111 1266
125 1361
131 1365
134 1481
141 1563
160 1636
166 1755
171 1853
176 1923
181 2021
186 2022
191 2101
196 2102
199 2103
200 2104
203 2210
207 2211
211 2212
216 2332
226 2416
228 2417
229 2419
234 2528
242 2692
245 2767
250 2827
256 2909
258 3094
264 3342
268 3448
271 3449
277 3530
283 3637
287 3797
296 3861
306 4042
309 4043
319 4044
329 4190
336 4193
340 4281
345 4282
348 4283
355 4284
358 4363
363 4461
376 4551
386 4639
392 4640
394 4641
407 4696
411 4697
424 4780
428 4781
429 4930
433 4931
442 5174
446 5253
455 5313
460 5319
472 5470
478 5526
484 5616
491 5685
497 5750
504 5820
518 5869
524 5876
528 5970
532 6089
540 6186
546 6252
555 6256
565 6366
570 6369
582 6438
585 6439
587 6440
600 6541
605 6642
614 6719
618 6720
620 6721
626 7018
640 7160
643 7274
649 7338
658 7581
661 7635
670 7692
684 7809
686 8023
691 8024
696 8202
701 8274
707 8275
716 8327
720 8421
725 8502
732 8506
739 8626
746 8627
751 8699
755 8700
760 8783
768 8904
774 8954
782 9011
789 9079
793 9080
800 9293
804 9386
817 9504
822 9588
825 9589
835 9651
838 9664
843 9904
846 9916
850 9986
855 10066
860 10177
865 10178
873 10305
877 10430
880 10431
887 10543
892 10544
896 10572
898 10691
904 10901
908 10902
916 10973
919 11264
924 11265
928 11357
936 11429
947 11532
954 11692
962 11778
967 11860
971 11941
985 12001
999 12110
1003 13713
1019 13799
1030 13987
1036 13988
1042 14183
1053 14233
1060 14333
1064 14428
1069 14486
1081 14546
1088 14613
1092 14614
1098 14708
1102 14775
1111 14776
1116 14859
1120 14948
1125 15132
1131 15282
1140 15283
1142 15284
1146 15369
1153 15370
1156 15577
1160 15583
1174 15751
1182 16050
1187 16051
1199 16148
1202 16217
1206 16342
1210 16433
1215 16574
1218 16798
1223 16871
1228 16881
1231 18001
1238 18002
1244 18007
1248 18089
1258 18173
1262 18459
1269 18544
1273 18545
1277 18674
1282 18685
1288 18788
1293 18861
1299 18919
1306 18979
1311 19120
1315 19121
1319 19128
1323 19225
1331 19281
1334 19342
1339 19343
1342 19399
1355 19460
1358 19558
1364 19641
1373 19718
1381 19719
1386 19796
1389 19852
1392 19910
1397 20011
1408 20124
1413 20128
1414 20129
1423 20252
1429 20253
1437 20349
1441 20364
1458 20403
1462 20404
1465 20491
1474 20602
1477 20613
1482 20690
1485 20691
1487 20692
1496 20813
1511 20868
1531 20936
1535 21113
1542 21114
1548 21115
1556 21177
1562 21227
1567 21315
1574 21408
1596 21467
1608 21489
1610 21491
1620 21570
1622 21623
1629 21695
1630 21696
1635 22150
1649 22229
1653 22384
1664 22519
1670 22636
1675 22637
1684 22694
1689 22695
1699 22762
1704 22841
1710 22842
1713 22987
1716 23050
1721 23133
1724 23134
1730 23175
1737 23241
