0
767
1 0
6 123
12 192
17 193
24 194
28 265
33 397
39 446
44 447
48 508
59 568
64 639
69 695
75 696
78 697
87 824
89 888
94 990
98 991
102 1087
108 1265
111 1266
125 1361
131 1365
134 1481
141 1563
160 1636
166 1755
171 1853
176 1923
181 2021
186 2022
191 2101
196 2102
199 2103
200 2104
203 2210
207 2211
211 2212
216 2332
226 2416
228 2417
229 2419
234 2528
242 2692
245 2767
250 2827
256 2909
258 3094
264 3342
268 3448
271 3449
277 3530
283 3637
287 3797
296 3861
306 4042
309 4043
319 4044
329 4190
336 4193
340 4281
345 4282
348 4283
355 4284
358 4363
363 4461
376 4551
386 4639
392 4640
394 4641
407 4696
411 4697
424 4780
428 4781
429 4930
433 4931
442 5174
446 5253
455 5313
460 5319
472 5470
478 5526
484 5616
491 5685
497 5750
504 5820
518 5869
524 5876
528 5970
532 6089
540 6186
546 6252
555 6256
565 6366
570 6369
582 6438
585 6439
587 6440
600 6541
605 6642
614 6719
618 6720
620 6721
626 7018
640 7160
643 7274
649 7338
658 7581
661 7635
670 7692
684 7809
686 8023
691 8024
696 8202
701 8274
707 8275
716 8327
720 8421
725 8502
732 8506
739 8626
746 8627
751 8699
755 8700
760 8783
768 8904
774 8954
782 9011
789 9079
793 9080
800 9293
804 9386
817 9504
822 9588
825 9589
835 9651
838 9664
843 9904
846 9916
850 9986
855 10066
860 10177
865 10178
873 10305
877 10430
880 10431
887 10543
892 10544
896 10572
898 10691
904 10901
908 10902
916 10973
919 11264
924 11265
928 11357
936 11429
947 11532
954 11692
962 11778
967 11860
971 11941
985 12001
999 12110
1003 13713
1019 13799
1030 13987
1036 13988
1042 14183
1053 14233
1060 14333
1064 14428
1069 14486
1081 14546
1088 14613
1092 14614
1098 14708
1102 14775
1111 14776
1116 14859
1120 14948
1125 15132
1131 15282
1140 15283
1142 15284
1146 15369
1153 15370
1156 15577
1160 15583
1174 15751
1182 16050
1187 16051
1199 16148
1202 16217
1206 16342
1210 16433
1215 16574
1218 16798
1223 16871
1228 16881
1231 18001
1238 18002
1244 18007
1248 18089
1258 18173
1262 18459
1269 18544
1273 18545
1277 18674
1282 18685
1288 18788
1293 18861
1299 18919
1306 18979
1311 19120
1315 19121
1319 19128
1323 19225
1331 19281
1334 19342
1339 19343
1342 19399
1355 19460
1358 19558
1364 19641
1373 19718
1381 19719
1386 19796
1389 19852
1392 19910
1397 20011
1408 20124
1413 20128
1414 20129
1423 20252
1429 20253
1437 20349
1441 20364
1458 20403
1462 20404
1465 20491
1474 20602
1477 20613
1482 20690
1485 20691
1487 20692
1496 20813
1511 20868
1531 20936
1535 21113
1542 21114
1548 21115
1556 21177
1562 21227
1567 21315
1574 21408
1596 21467
1608 21489
1610 21491
1620 21570
1622 21623
1629 21695
1630 21696
1635 22150
1649 22229
1653 22384
1664 22519
1670 22636
1675 22637
1684 22694
1689 22695
1699 22762
1704 22841
1710 22842
1713 22987
1716 23050
1721 23133
1724 23134
1730 23175
1737 23241
1739 23422
1744 23522
1749 23651
1758 23716
1761 23787
1763 23937
1773 24005
1791 24065
1796 24139
1801 24224
1806 24225
1810 24226
1819 24227
1823 24308
1840 24370
1845 24466
1848 24535
1855 24751
1871 24839
1875 24840
1888 24938
1892 24995
1901 25078
1910 25147
1915 25220
1932 25291
1943 25461
1949 25462
1950 25463
1956 25545
1966 25546
1971 25620
1982 25621
1987 25703
1991 25778
1993 26017
2004 26062
2009 26327
2023 26450
2027 26451
2034 26525
2043 26615
2048 26623
2057 26810
2066 26917
2071 26918
2073 26921
2080 26994
2082 27052
2097 27053
2100 27054
2108 27509
2112 27584
2114 27586
2118 27587
2125 27677
2131 27678
2139 27783
2146 27839
2151 27853
2154 27921
2159 28001
2165 28002
2168 28003
2170 28004
2178 28646
2182 28647
2191 28756
2194 28773
2209 28862
2216 29062
2223 29209
2236 29276
2242 29341
2248 29342
2251 29343
2254 29425
2260 29490
2264 29551
2269 29552
2278 29553
2282 29613
2292 29614
2297 29615
2307 29848
2311 29981
2315 30176
2323 30369
2332 30546
2337 30655
2343 31107
2350 31320
2357 31529
2368 31739
2944 31815
2950 31944
2960 32031
2964 32121
2968 32214
2985 32215
3000 32311
3006 32396
3011 32397
3019 32495
3021 32496
3024 32498
3028 33085
3032 33246
3036 33247
3040 33249
3044 33333
3046 33423
3052 33534
3060 33606
3064 33737
3071 33826
3073 34008
3081 34092
3095 34093
3103 34176
3111 34262
3117 34263
3121 34330
3128 34388
3135 34389
3140 34470
3151 34542
3287 34628
3300 34729
3306 34814
3316 34892
3319 34893
3332 34970
3336 35066
3347 35236
3353 35315
3363 35371
3369 35372
3375 35373
3388 35435
3393 35540
3399 35626
3402 35703
3411 35765
3415 35820
3423 35876
3428 35877
3433 35878
3439 35957
3447 35965
3464 36023
3467 36085
3470 36086
3473 36087
3476 36088
3480 36262
3481 36271
3489 36497
3493 36567
3498 36727
3501 36729
3506 36730
3521 36816
3525 36818
3527 36835
3530 36951
3539 37178
3546 37285
3556 37357
3557 37358
3560 37447
3561 37448
3566 37740
3571 37839
3575 37952
3577 38182
3585 38307
3594 38395
3597 38474
3601 38566
3605 38675
3613 38774
3625 38846
3631 38940
3636 39077
3640 39166
3648 39171
3656 39242
3662 39347
3672 39405
3679 39406
3687 39474
3693 39596
3697 39687
3714 39796
3721 39875
3729 39942
3736 39943
3739 40015
3749 40119
3753 40177
3764 40178
3766 40179
3780 40262
3784 40472
3793 40559
3797 40560
3803 40661
3812 40721
3824 40781
3837 40858
3843 41118
3848 41175
3852 41336
3860 41439
3867 41503
3870 41856
3876 41857
3884 41858
3889 41944
3895 42041
3899 42048
3901 42049
3907 42259
3914 42331
3922 42672
3924 42684
3929 43031
3932 43185
3939 43243
3946 43345
3951 43346
3962 43415
3971 43585
3975 43978
3980 46129
3986 46191
3993 46248
4009 46320
4014 46321
4019 46387
4036 46455
4039 46519
4052 46612
4054 46614
4056 46672
4060 46730
4064 46731
4068 46732
4079 47029
4084 47030
4097 47161
4099 47475
4105 47583
4113 47639
4119 47804
4125 47818
4129 47984
4133 48071
4137 48157
4141 48282
4144 48394
4971 48395
4979 48461
4983 48464
4988 48465
4993 48566
4995 48850
4996 48851
5001 48969
5005 49023
5017 49095
5021 49221
5026 49288
5031 49289
5036 49355
5045 49356
5047 49414
5054 49476
5069 49535
5080 49617
5086 49678
5090 49758
5094 49817
5098 49909
5103 49971
5109 49988
5116 50123
5122 50449
5127 50534
5136 50616
5140 50824
5147 50920
5152 51083
5155 51290
5159 51487
5165 51712
5169 51784
5180 51785
5184 51892
5194 52013
5200 52086
5203 52185
5205 52281
5210 52357
5214 52417
5223 52486
5228 52490
5232 52547
5236 52650
5243 52770
5247 52832
5261 52906
5270 52966
5282 53022
5285 53087
5287 53093
5292 53180
5298 53181
5299 53182
5302 53183
5314 53425
5318 53498
5325 53605
5331 53711
6140 53797
6146 53884
7016 53943
7024 54111
7034 54206
7045 54851
7051 54852
7056 55032
7062 55033
7068 55034
7079 55176
7088 55262
7094 55276
7097 55277
7104 55278
7110 55430
7126 55431
7132 55644
7139 55721
7148 55824
7152 55839
7163 56068
7170 56349
7179 56499
7185 56500
7193 56770
7196 56771
7200 56774
7206 56871
7211 57098
7216 57107
7226 57221
7231 57304
7244 57376
7252 57715
7257 57716
7263 57718
7266 57719
7276 57852
7281 57867
7288 57958
7293 58087
7301 58088
7310 58166
7317 58282
7328 58379
7336 58516
7341 58517
7347 58664
7352 58794
7358 58801
7366 58873
7381 58986
7389 59219
7397 59220
7403 59303
7410 59311
7412 59535
7417 59595
7423 59663
7442 59730
7456 59843
7460 59983
7464 60052
7475 60112
7481 60113
7493 60170
7496 60290
7500 60355
7511 60413
7515 60491
7522 60564
7530 60621
7531 60622
7537 60623
7540 60624
7548 60676
7550 60733
7562 60791
7565 60792
7567 61035
7575 61046
7587 61138
7592 61139
7599 61267
7602 61344
7608 61529
7616 61560
7620 61582
7625 61583
7629 61584
7631 61585
7637 61670
7640 61757
7644 61813
7649 61897
7654 61955
7658 62061
7663 62386
7667 62539
7676 62540
7686 62618
7903 62692
7908 62727
7913 62788
7925 62950
7934 63105
7940 63158
7947 63159
7959 63248
7964 63314
7968 63372
7976 63604
8223 63793
8227 63801
8231 63868
8240 63926
8245 64002
8255 64097
8266 64188
8279 64292
8284 64376
8294 64478
8306 64567
8311 64762
8316 64877
8320 64878
8328 64972
8332 64973
8337 65034
8338 65035
8343 65036
8360 65152
8366 65217
8369 65289
8382 65378
8385 65467
8388 65495
8396 65546
8400 65650
8411 65717
8420 65785
8424 65834
8428 65903
8436 65982
8440 66088
8444 66176
8451 66303
8455 66393
8459 66394
8463 66410
8465 66412
8472 66506
8474 66507
8487 66606
8492 66696
8495 66826
8502 66906
8511 66974
8519 66975
8525 66976
